,epoch_s,id,original,reconstruct,transfer,blue,transfer_acc,domain_acc,geo_mean,epoch
0,1,0,if she changes her mind this is the first place she will go,"if she took her love she is the last what she could survive
","if she took her love she is the best she made she clothes
",0.15638214285714283,0.5675071428571429,0.9987821428571427,0.2789559051270286,1
1,1,1,i never thought that you would be the one to hold my heart,"i never thought that you would be all your love to my girl
","i never thought that you would be all the same to my place
",0.15638214285714283,0.5675071428571429,0.9987821428571427,0.2789559051270286,1
2,1,2,oh her eyes her eyes make the stars look like they are not shinin,"oh my love took me make the feeling like the heart are not <unk>
","oh my money no show into the mic but its like they are <unk>
",0.15638214285714283,0.5675071428571429,0.9987821428571427,0.2789559051270286,1
3,1,3,and I am a man of expanding so why should i stand in her way,"and I am a man of niggaz so who can say my foot in you
","and I am a man of I am so i do her in love of
",0.15638214285714283,0.5675071428571429,0.9987821428571427,0.2789559051270286,1
4,1,4,and I am a man of expanding so why should i stand in her way,"and I am a man of niggaz so who can say my foot in you
","and I am a man of I am so i do her in love of
",0.15638214285714283,0.5675071428571429,0.9987821428571427,0.2789559051270286,1
5,1,5,every inch of your skin is a holy gray I have got to find,"every hearts of your mirror is a big mans I have got to be yours
","every foot of your car is a big dog got to have to look it
",0.15638214285714283,0.5675071428571429,0.9987821428571427,0.2789559051270286,1
6,1,6,then I am willing to wait for it wait for it wait for it,"then I am willing to wait for it wait for me but it for
","then I am willing to wait for it just if it for me for
",0.15638214285714283,0.5675071428571429,0.9987821428571427,0.2789559051270286,1
7,1,7,baby I am baby I am hurt and i do not want to play anymore,"baby I am baby I am cool and i do not want to talk home
","baby I am baby I am creepin and i do not want to kill home
",0.15638214285714283,0.5675071428571429,0.9987821428571427,0.2789559051270286,1
8,1,8,and i swear by the moon and the stars in the sky ill be there,"and i swear by the moon and the moon in the morning i be yours
","and i swear by the car and the name in the closet we be plannin
",0.15638214285714283,0.5675071428571429,0.9987821428571427,0.2789559051270286,1
9,1,9,and I am a man of expanding so why should i stand in her way,"and I am a man of niggaz so who can say my foot in you
","and I am a man of I am so i do her in love of
",0.15638214285714283,0.5675071428571429,0.9987821428571427,0.2789559051270286,1
10,1,10,but i can not help it that i can not take my eyes off of you,"but i can not give me that i can not take my eyes on all time
","but i can not give it that i can not take my money at all time
",0.15638214285714283,0.5675071428571429,0.9987821428571427,0.2789559051270286,1
0,2,0,if she changes her mind this is the first place she will go,"if she found her mind this is the whole place she could go
","if she were her mind this is the first place she had go
",0.5133321428571429,0.5432035714285715,0.9980928571428572,0.5256543190303175,2
1,2,1,i never thought that you would be the one to hold my heart,"i never thought that you would be the one to hold my heart
","i never thought that you would be the one to hold the ending
",0.5133321428571429,0.5432035714285715,0.9980928571428572,0.5256543190303175,2
2,2,2,oh her eyes her eyes make the stars look like they are not shinin,"oh her eyes her eyes take the stars like I is or are <unk>
","oh her eyes her eyes take the book like I is can being <unk>
",0.5133321428571429,0.5432035714285715,0.9980928571428572,0.5256543190303175,2
3,2,3,and I am a man of expanding so why should i stand in her way,"and I am a man of niggaz so so i should hijack in a things
","and I am a man of yours so so i should count in her eyes
",0.5133321428571429,0.5432035714285715,0.9980928571428572,0.5256543190303175,2
4,2,4,and I am a man of expanding so why should i stand in her way,"and I am a man of niggaz so so i should hijack in a things
","and I am a man of yours so so i should count in her eyes
",0.5133321428571429,0.5432035714285715,0.9980928571428572,0.5256543190303175,2
5,2,5,every inch of your skin is a holy gray I have got to find,"every lover of your skin is a di bitch I has got to find
","every brothers of your hot is a lil cell I got to left it
",0.5133321428571429,0.5432035714285715,0.9980928571428572,0.5256543190303175,2
6,2,6,then I am willing to wait for it wait for it wait for it,"then I am willing to wait for it wait for it now for me
","then I am willing to wait for it wait for it but for it
",0.5133321428571429,0.5432035714285715,0.9980928571428572,0.5256543190303175,2
7,2,7,baby I am baby I am hurt and i do not want to play anymore,"baby I am baby I am ready and i do not want to kill replace
","baby I am baby I am ready but i do not want to kill
",0.5133321428571429,0.5432035714285715,0.9980928571428572,0.5256543190303175,2
8,2,8,and i swear by the moon and the stars in the sky ill be there,"and i swear by the moon and the stars in the sky wed be ever
","and i swear by the land and the name in the mornin will a bubble
",0.5133321428571429,0.5432035714285715,0.9980928571428572,0.5256543190303175,2
9,2,9,and I am a man of expanding so why should i stand in her way,"and I am a man of niggaz so so i should hijack in a things
","and I am a man of yours so so i should count in her eyes
",0.5133321428571429,0.5432035714285715,0.9980928571428572,0.5256543190303175,2
10,2,10,but i can not help it that i can not take my eyes off of you,"but i can not help it that i can not take my eyes on these once
","but i can not help it that i can not get my strength on that eyes
",0.5133321428571429,0.5432035714285715,0.9980928571428572,0.5256543190303175,2
0,3,0,if she changes her mind this is the first place she will go,"if she changes her mind this is the whole place she will go
","if she changes her mind this is the first place she will go
",0.6784310344827587,0.4690103448275862,0.9974103448275864,0.5635577841542511,3
1,3,1,i never thought that you would be the one to hold my heart,"i never thought that you would be the one to hold my heart
","i never thought that you would be the one to hold my heart
",0.6784310344827587,0.4690103448275862,0.9974103448275864,0.5635577841542511,3
2,3,2,oh her eyes her eyes make the stars look like they are not shinin,"oh her eyes her eyes make the stars look like they are not <unk>
","oh her eyes her eyes make the stars look like they are not <unk>
",0.6784310344827587,0.4690103448275862,0.9974103448275864,0.5635577841542511,3
3,3,3,and I am a man of expanding so why should i stand in her way,"and I am a man of cowards so why i should be in her way
","and I am a man of temptation so why i should be in her way
",0.6784310344827587,0.4690103448275862,0.9974103448275864,0.5635577841542511,3
4,3,4,and I am a man of expanding so why should i stand in her way,"and I am a man of cowards so why i should be in her way
","and I am a man of temptation so why i should be in her way
",0.6784310344827587,0.4690103448275862,0.9974103448275864,0.5635577841542511,3
5,3,5,every inch of your skin is a holy gray I have got to find,"every diamonds of your skin is a lil shirt she have got to find
","every inch of your skin is a lil shirt she got to have at
",0.6784310344827587,0.4690103448275862,0.9974103448275864,0.5635577841542511,3
6,3,6,then I am willing to wait for it wait for it wait for it,"then I am willing to wait for it wait for it wait for it
","then I am willing to wait for it wait for it wait for it
",0.6784310344827587,0.4690103448275862,0.9974103448275864,0.5635577841542511,3
7,3,7,baby I am baby I am hurt and i do not want to play anymore,"baby I am baby I am waiting and i do not want to play anymore
","baby I am baby I am waiting and i do not want to play anymore
",0.6784310344827587,0.4690103448275862,0.9974103448275864,0.5635577841542511,3
8,3,8,and i swear by the moon and the stars in the sky ill be there,"and i swear by the moon and the stars in the sky ill be there
","and i swear by the moon and the stars in the box be ill
",0.6784310344827587,0.4690103448275862,0.9974103448275864,0.5635577841542511,3
9,3,9,and I am a man of expanding so why should i stand in her way,"and I am a man of cowards so why i should be in her way
","and I am a man of temptation so why i should be in her way
",0.6784310344827587,0.4690103448275862,0.9974103448275864,0.5635577841542511,3
10,3,10,but i can not help it that i can not take my eyes off of you,"but i can not help it that i can not take my eyes off of you
","but i can not help it that i can not take my eyes off and time
",0.6784310344827587,0.4690103448275862,0.9974103448275864,0.5635577841542511,3
0,4,0,if she changes her mind this is the first place she will go,"if she changes her mind this is the first place she will go
","if she changes her mind this is the first place she will go
",0.7495857142857144,0.4238857142857143,0.9956250000000001,0.5633825952088668,4
1,4,1,i never thought that you would be the one to hold my heart,"i never thought that you would be the one to hold my heart
","i never thought that you would be the one to hold my heart
",0.7495857142857144,0.4238857142857143,0.9956250000000001,0.5633825952088668,4
2,4,2,oh her eyes her eyes make the stars look like they are not shinin,"oh her eyes her eyes make the stars look like they are not <unk>
","oh her eyes her eyes make the stars look like they are not <unk>
",0.7495857142857144,0.4238857142857143,0.9956250000000001,0.5633825952088668,4
3,4,3,and I am a man of expanding so why should i stand in her way,"and I am a man of nana so why should i stand in her way
","and I am a man of nana so why should i stand in her way
",0.7495857142857144,0.4238857142857143,0.9956250000000001,0.5633825952088668,4
4,4,4,and I am a man of expanding so why should i stand in her way,"and I am a man of nana so why should i stand in her way
","and I am a man of nana so why should i stand in her way
",0.7495857142857144,0.4238857142857143,0.9956250000000001,0.5633825952088668,4
5,4,5,every inch of your skin is a holy gray I have got to find,"every inch of your skin is a normal morning I have got to find
","every inch of your skin is a lil uhuh I got going to find
",0.7495857142857144,0.4238857142857143,0.9956250000000001,0.5633825952088668,4
6,4,6,then I am willing to wait for it wait for it wait for it,"then I am willing to wait for it wait for it wait for it
","then I am willing to wait for it wait for it wait for it
",0.7495857142857144,0.4238857142857143,0.9956250000000001,0.5633825952088668,4
7,4,7,baby I am baby I am hurt and i do not want to play anymore,"baby I am baby I am waiting and i do not want to play anymore
","baby I am baby I am waiting and i do not want to play anymore
",0.7495857142857144,0.4238857142857143,0.9956250000000001,0.5633825952088668,4
8,4,8,and i swear by the moon and the stars in the sky ill be there,"and i swear by the moon and the stars in the sky ill be there
","and i swear by the moon and the stars in the sky ill be yours
",0.7495857142857144,0.4238857142857143,0.9956250000000001,0.5633825952088668,4
9,4,9,and I am a man of expanding so why should i stand in her way,"and I am a man of nana so why should i stand in her way
","and I am a man of nana so why should i stand in her way
",0.7495857142857144,0.4238857142857143,0.9956250000000001,0.5633825952088668,4
10,4,10,but i can not help it that i can not take my eyes off of you,"but i can not help it that i can not take my eyes off of you
","but i can not help it that i can not take my eyes off of you
",0.7495857142857144,0.4238857142857143,0.9956250000000001,0.5633825952088668,4
0,5,0,if she changes her mind this is the first place she will go,"if she changes her mind this is the first place she will go
","if she changes her mind this is the first place she will go
",0.7942,0.3938285714285715,0.9939500000000001,0.5591883753504835,5
1,5,1,i never thought that you would be the one to hold my heart,"i never thought that you would be the one to hold my heart
","i never thought that you would be the one to hold my heart
",0.7942,0.3938285714285715,0.9939500000000001,0.5591883753504835,5
2,5,2,oh her eyes her eyes make the stars look like they are not shinin,"oh her eyes her eyes make the stars look like they are not <unk>
","oh her eyes her eyes make the stars look like they are not <unk>
",0.7942,0.3938285714285715,0.9939500000000001,0.5591883753504835,5
3,5,3,and I am a man of expanding so why should i stand in her way,"and I am a man of teaching so why should i stand in her way
","and I am a man of er so why should i stand in her way
",0.7942,0.3938285714285715,0.9939500000000001,0.5591883753504835,5
4,5,4,and I am a man of expanding so why should i stand in her way,"and I am a man of teaching so why should i stand in her way
","and I am a man of er so why should i stand in her way
",0.7942,0.3938285714285715,0.9939500000000001,0.5591883753504835,5
5,5,5,every inch of your skin is a holy gray I have got to find,"every inch of your skin is a old nope I have got to find
","every inch of your skin is a foot kim I have got to find
",0.7942,0.3938285714285715,0.9939500000000001,0.5591883753504835,5
6,5,6,then I am willing to wait for it wait for it wait for it,"then I am willing to wait for it wait for it wait for it
","then I am willing to wait for it wait for it wait for it
",0.7942,0.3938285714285715,0.9939500000000001,0.5591883753504835,5
7,5,7,baby I am baby I am hurt and i do not want to play anymore,"baby I am baby I am waiting and i do not want to play anymore
","baby I am baby I am waiting and i do not want to play anymore
",0.7942,0.3938285714285715,0.9939500000000001,0.5591883753504835,5
8,5,8,and i swear by the moon and the stars in the sky ill be there,"and i swear by the moon and the stars in the sky ill be there
","and i swear by the moon and the stars in the sky ill be there
",0.7942,0.3938285714285715,0.9939500000000001,0.5591883753504835,5
9,5,9,and I am a man of expanding so why should i stand in her way,"and I am a man of teaching so why should i stand in her way
","and I am a man of er so why should i stand in her way
",0.7942,0.3938285714285715,0.9939500000000001,0.5591883753504835,5
10,5,10,but i can not help it that i can not take my eyes off of you,"but i can not help it that i can not take my eyes off of you
","but i can not help it that i can not take my eyes off of you
",0.7942,0.3938285714285715,0.9939500000000001,0.5591883753504835,5
0,6,0,if she changes her mind this is the first place she will go,"if she changes her mind this is the first place she will go
","if she changes her mind this is the first place she will go
",0.8224689655172416,0.3740275862068966,0.9919551724137929,0.5546135528932723,6
1,6,1,i never thought that you would be the one to hold my heart,"i never thought that you would be the one to hold my heart
","i never thought that you would be the one to hold my heart
",0.8224689655172416,0.3740275862068966,0.9919551724137929,0.5546135528932723,6
2,6,2,oh her eyes her eyes make the stars look like they are not shinin,"oh her eyes her eyes make the stars look like they are not <unk>
","oh her eyes her eyes make the stars look like they are not <unk>
",0.8224689655172416,0.3740275862068966,0.9919551724137929,0.5546135528932723,6
3,6,3,and I am a man of expanding so why should i stand in her way,"and I am a man of nana so why should i stand in her way
","and I am a man of mine so why should i stand in her way
",0.8224689655172416,0.3740275862068966,0.9919551724137929,0.5546135528932723,6
4,6,4,and I am a man of expanding so why should i stand in her way,"and I am a man of nana so why should i stand in her way
","and I am a man of mine so why should i stand in her way
",0.8224689655172416,0.3740275862068966,0.9919551724137929,0.5546135528932723,6
5,6,5,every inch of your skin is a holy gray I have got to find,"every inch of your skin is a old morning I have got to find
","every inch of your skin is a old uhh I has got to find
",0.8224689655172416,0.3740275862068966,0.9919551724137929,0.5546135528932723,6
6,6,6,then I am willing to wait for it wait for it wait for it,"then I am willing to wait for it wait for it wait for it
","then I am willing to wait for it wait for it wait for it
",0.8224689655172416,0.3740275862068966,0.9919551724137929,0.5546135528932723,6
7,6,7,baby I am baby I am hurt and i do not want to play anymore,"baby I am baby I am hurt and i do not want to play anymore
","baby I am baby I am hurt and i do not want to play anymore
",0.8224689655172416,0.3740275862068966,0.9919551724137929,0.5546135528932723,6
8,6,8,and i swear by the moon and the stars in the sky ill be there,"and i swear by the moon and the stars in the sky ill be there
","and i swear by the moon and the stars in the sky ill be there
",0.8224689655172416,0.3740275862068966,0.9919551724137929,0.5546135528932723,6
9,6,9,and I am a man of expanding so why should i stand in her way,"and I am a man of nana so why should i stand in her way
","and I am a man of mine so why should i stand in her way
",0.8224689655172416,0.3740275862068966,0.9919551724137929,0.5546135528932723,6
10,6,10,but i can not help it that i can not take my eyes off of you,"but i can not help it that i can not take my eyes off of you
","but i can not help it that i can not take my eyes off of you
",0.8224689655172416,0.3740275862068966,0.9919551724137929,0.5546135528932723,6
0,7,0,if she changes her mind this is the first place she will go,"if she changes her mind this is the first place she will go
","if she changes her mind this is the first place she will go
",0.8404821428571427,0.3629071428571429,0.9903892857142856,0.5522705968010758,7
1,7,1,i never thought that you would be the one to hold my heart,"i never thought that you would be the one to hold my heart
","i never thought that you would be the one to hold my heart
",0.8404821428571427,0.3629071428571429,0.9903892857142856,0.5522705968010758,7
2,7,2,oh her eyes her eyes make the stars look like they are not shinin,"oh her eyes her eyes make the stars look like they are not <unk>
","oh her eyes her eyes make the stars look like they are not <unk>
",0.8404821428571427,0.3629071428571429,0.9903892857142856,0.5522705968010758,7
3,7,3,and I am a man of expanding so why should i stand in her way,"and I am a man of nana so why should i stand in her way
","and I am a man of nana so why should i stand in her way
",0.8404821428571427,0.3629071428571429,0.9903892857142856,0.5522705968010758,7
4,7,4,and I am a man of expanding so why should i stand in her way,"and I am a man of nana so why should i stand in her way
","and I am a man of nana so why should i stand in her way
",0.8404821428571427,0.3629071428571429,0.9903892857142856,0.5522705968010758,7
5,7,5,every inch of your skin is a holy gray I have got to find,"every inch of your skin is a old yuh I have got to find
","every inch of your skin is a old uhh I has to got find
",0.8404821428571427,0.3629071428571429,0.9903892857142856,0.5522705968010758,7
6,7,6,then I am willing to wait for it wait for it wait for it,"then I am willing to wait for it wait for it wait for it
","then I am willing to wait for it wait for it wait for it
",0.8404821428571427,0.3629071428571429,0.9903892857142856,0.5522705968010758,7
7,7,7,baby I am baby I am hurt and i do not want to play anymore,"baby I am baby I am hurt and i do not want to play anymore
","baby I am baby I am hurt and i do not want to play anymore
",0.8404821428571427,0.3629071428571429,0.9903892857142856,0.5522705968010758,7
8,7,8,and i swear by the moon and the stars in the sky ill be there,"and i swear by the moon and the stars in the sky ill be there
","and i swear by the moon and the stars in the sky ill be there
",0.8404821428571427,0.3629071428571429,0.9903892857142856,0.5522705968010758,7
9,7,9,and I am a man of expanding so why should i stand in her way,"and I am a man of nana so why should i stand in her way
","and I am a man of nana so why should i stand in her way
",0.8404821428571427,0.3629071428571429,0.9903892857142856,0.5522705968010758,7
10,7,10,but i can not help it that i can not take my eyes off of you,"but i can not help it that i can not take my eyes off of you
","but i can not help it that i can not take my eyes off of you
",0.8404821428571427,0.3629071428571429,0.9903892857142856,0.5522705968010758,7
0,8,0,if she changes her mind this is the first place she will go,"if she changes her mind this is the first place she will go
","if she changes her mind this is the first place she will go
",0.8528714285714285,0.35275357142857144,0.9901321428571429,0.5484952541846574,8
1,8,1,i never thought that you would be the one to hold my heart,"i never thought that you would be the one to hold my heart
","i never thought that you would be the one to hold my heart
",0.8528714285714285,0.35275357142857144,0.9901321428571429,0.5484952541846574,8
2,8,2,oh her eyes her eyes make the stars look like they are not shinin,"oh her eyes her eyes make the stars look like they are not <unk>
","oh her eyes her eyes make the stars look like they are not <unk>
",0.8528714285714285,0.35275357142857144,0.9901321428571429,0.5484952541846574,8
3,8,3,and I am a man of expanding so why should i stand in her way,"and I am a man of nana so why should i stand in her way
","and I am a man of mine so why should i stand in her way
",0.8528714285714285,0.35275357142857144,0.9901321428571429,0.5484952541846574,8
4,8,4,and I am a man of expanding so why should i stand in her way,"and I am a man of nana so why should i stand in her way
","and I am a man of mine so why should i stand in her way
",0.8528714285714285,0.35275357142857144,0.9901321428571429,0.5484952541846574,8
5,8,5,every inch of your skin is a holy gray I have got to find,"every inch of your skin is a holy yuh I have got to find
","every inch of your skin is a five mic I have got to find
",0.8528714285714285,0.35275357142857144,0.9901321428571429,0.5484952541846574,8
6,8,6,then I am willing to wait for it wait for it wait for it,"then I am willing to wait for it wait for it wait for it
","then I am willing to wait for it wait for it wait for it
",0.8528714285714285,0.35275357142857144,0.9901321428571429,0.5484952541846574,8
7,8,7,baby I am baby I am hurt and i do not want to play anymore,"baby I am baby I am hurt and i do not want to play anymore
","baby I am baby I am hurt and i do not want to play anymore
",0.8528714285714285,0.35275357142857144,0.9901321428571429,0.5484952541846574,8
8,8,8,and i swear by the moon and the stars in the sky ill be there,"and i swear by the moon and the stars in the sky ill be there
","and i swear by the moon and the stars in the sky ill be there
",0.8528714285714285,0.35275357142857144,0.9901321428571429,0.5484952541846574,8
9,8,9,and I am a man of expanding so why should i stand in her way,"and I am a man of nana so why should i stand in her way
","and I am a man of mine so why should i stand in her way
",0.8528714285714285,0.35275357142857144,0.9901321428571429,0.5484952541846574,8
10,8,10,but i can not help it that i can not take my eyes off of you,"but i can not help it that i can not take my eyes off of you
","but i can not help it that i can not take my eyes in over you
",0.8528714285714285,0.35275357142857144,0.9901321428571429,0.5484952541846574,8
0,9,0,if she changes her mind this is the first place she will go,"if she changes her mind this is the first place she will go
","if she changes her mind this is the first place she will go
",0.8618655172413794,0.34611379310344836,0.9887999999999999,0.5461666329311481,9
1,9,1,i never thought that you would be the one to hold my heart,"i never thought that you would be the one to hold my heart
","i never thought that you would be the one to hold my heart
",0.8618655172413794,0.34611379310344836,0.9887999999999999,0.5461666329311481,9
2,9,2,oh her eyes her eyes make the stars look like they are not shinin,"oh her eyes her eyes make the stars look like they are not <unk>
","oh her eyes her eyes make the stars look like they are not <unk>
",0.8618655172413794,0.34611379310344836,0.9887999999999999,0.5461666329311481,9
3,9,3,and I am a man of expanding so why should i stand in her way,"and I am a man of dudes so why should you stand in her way
","and I am a man of dudes so why should you stand in her way
",0.8618655172413794,0.34611379310344836,0.9887999999999999,0.5461666329311481,9
4,9,4,and I am a man of expanding so why should i stand in her way,"and I am a man of dudes so why should you stand in her way
","and I am a man of dudes so why should you stand in her way
",0.8618655172413794,0.34611379310344836,0.9887999999999999,0.5461666329311481,9
5,9,5,every inch of your skin is a holy gray I have got to find,"every inch of your skin is a holy yuh I have got to find
","every inch of your skin is a holy uhh I have got to find
",0.8618655172413794,0.34611379310344836,0.9887999999999999,0.5461666329311481,9
6,9,6,then I am willing to wait for it wait for it wait for it,"then I am willing to wait for it wait for it wait for it
","then I am willing to wait for it wait for it wait for it
",0.8618655172413794,0.34611379310344836,0.9887999999999999,0.5461666329311481,9
7,9,7,baby I am baby I am hurt and i do not want to play anymore,"baby I am baby I am hurt and i do not want to play anymore
","baby I am baby I am hurt and i do not want to play anymore
",0.8618655172413794,0.34611379310344836,0.9887999999999999,0.5461666329311481,9
8,9,8,and i swear by the moon and the stars in the sky ill be there,"and i swear by the moon and the stars in the sky ill be there
","and i swear by the moon and the stars in the sky ill be there
",0.8618655172413794,0.34611379310344836,0.9887999999999999,0.5461666329311481,9
9,9,9,and I am a man of expanding so why should i stand in her way,"and I am a man of dudes so why should you stand in her way
","and I am a man of dudes so why should you stand in her way
",0.8618655172413794,0.34611379310344836,0.9887999999999999,0.5461666329311481,9
10,9,10,but i can not help it that i can not take my eyes off of you,"but i can not help it that i can not take my eyes off of you
","but i can not help it that i can not take my eyes off of you
",0.8618655172413794,0.34611379310344836,0.9887999999999999,0.5461666329311481,9
0,10,0,if she changes her mind this is the first place she will go,"if she changes her mind this is the first place she will go
","if she changes her mind this is the first place she will go
",0.8692535714285714,0.34183214285714286,0.9887857142857143,0.5451004893499677,10
1,10,1,i never thought that you would be the one to hold my heart,"i never thought that you would be the one to hold my heart
","i never thought that you would be the one to hold my heart
",0.8692535714285714,0.34183214285714286,0.9887857142857143,0.5451004893499677,10
2,10,2,oh her eyes her eyes make the stars look like they are not shinin,"oh her eyes her eyes make the stars look like they are not <unk>
","oh her eyes her eyes make the stars look like they are not <unk>
",0.8692535714285714,0.34183214285714286,0.9887857142857143,0.5451004893499677,10
3,10,3,and I am a man of expanding so why should i stand in her way,"and I am a man of nana so why should i stand in her way
","and I am a man of dudes so why should i stand in her way
",0.8692535714285714,0.34183214285714286,0.9887857142857143,0.5451004893499677,10
4,10,4,and I am a man of expanding so why should i stand in her way,"and I am a man of nana so why should i stand in her way
","and I am a man of dudes so why should i stand in her way
",0.8692535714285714,0.34183214285714286,0.9887857142857143,0.5451004893499677,10
5,10,5,every inch of your skin is a holy gray I have got to find,"every inch of your skin is a holy yuh I have got to find
","every inch of your skin is a holy uhh I have got to find
",0.8692535714285714,0.34183214285714286,0.9887857142857143,0.5451004893499677,10
6,10,6,then I am willing to wait for it wait for it wait for it,"then I am willing to wait for it wait for it wait for it
","then I am willing to wait for it wait for it wait for it
",0.8692535714285714,0.34183214285714286,0.9887857142857143,0.5451004893499677,10
7,10,7,baby I am baby I am hurt and i do not want to play anymore,"baby I am baby I am hurt and i do not want to play anymore
","baby I am baby I am hurt and i do not want to play anymore
",0.8692535714285714,0.34183214285714286,0.9887857142857143,0.5451004893499677,10
8,10,8,and i swear by the moon and the stars in the sky ill be there,"and i swear by the moon and the stars in the sky ill be there
","and i swear by the moon and the stars in the sky ill be there
",0.8692535714285714,0.34183214285714286,0.9887857142857143,0.5451004893499677,10
9,10,9,and I am a man of expanding so why should i stand in her way,"and I am a man of nana so why should i stand in her way
","and I am a man of dudes so why should i stand in her way
",0.8692535714285714,0.34183214285714286,0.9887857142857143,0.5451004893499677,10
10,10,10,but i can not help it that i can not take my eyes off of you,"but i can not help it that i can not take my eyes off of you
","but i can not help it that i can not take my eyes off of you
",0.8692535714285714,0.34183214285714286,0.9887857142857143,0.5451004893499677,10
0,11,0,if she changes her mind this is the first place she will go,"if she changes her mind this is the first place she will go
","if she changes her mind this is the first title she will paid
",0.6156285714285714,0.7720821428571428,0.9899642857142857,0.6890372926277377,11
1,11,1,i never thought that you would be the one to hold my heart,"i never thought that you would be the one to hold my heart
","i never thought that you would be the one to plan my dad
",0.6156285714285714,0.7720821428571428,0.9899642857142857,0.6890372926277377,11
2,11,2,oh her eyes her eyes make the stars look like they are not shinin,"oh her eyes her eyes make the stars look like they are not makeup
","oh her eyes her eyes make the stars look like they are not <unk>
",0.6156285714285714,0.7720821428571428,0.9899642857142857,0.6890372926277377,11
3,11,3,and I am a man of expanding so why should i stand in her way,"and I am a man of shit so why should i stand in her way
","and I am a man of yours so why should i stand in her way
",0.6156285714285714,0.7720821428571428,0.9899642857142857,0.6890372926277377,11
4,11,4,and I am a man of expanding so why should i stand in her way,"and I am a man of shit so why should i stand in her way
","and I am a man of yours so why should i stand in her way
",0.6156285714285714,0.7720821428571428,0.9899642857142857,0.6890372926277377,11
5,11,5,every inch of your skin is a holy gray I have got to find,"every inch of your skin is a holy beating I have got to find
","every mcs of your slick is a level mic who have got to find
",0.6156285714285714,0.7720821428571428,0.9899642857142857,0.6890372926277377,11
6,11,6,then I am willing to wait for it wait for it wait for it,"then I am willing to wait for it wait for it paper for it
","then I am skirts to wait for it wait for it um for it
",0.6156285714285714,0.7720821428571428,0.9899642857142857,0.6890372926277377,11
7,11,7,baby I am baby I am hurt and i do not want to play anymore,"baby I am baby I am hurt and i do not want to run anymore
","baby I am baby I am hurt and i do not paid to boo mic
",0.6156285714285714,0.7720821428571428,0.9899642857142857,0.6890372926277377,11
8,11,8,and i swear by the moon and the stars in the sky ill be there,"and i swear by the moon and the stars in la sky ill be there
","and i swear by the moon and the stars in the style ill be there
",0.6156285714285714,0.7720821428571428,0.9899642857142857,0.6890372926277377,11
9,11,9,and I am a man of expanding so why should i stand in her way,"and I am a man of shit so why should i stand in her way
","and I am a man of yours so why should i stand in her way
",0.6156285714285714,0.7720821428571428,0.9899642857142857,0.6890372926277377,11
10,11,10,but i can not help it that i can not take my eyes off of you,"but i can not help it that i can not take my eyes off of you
","but i can not help it that i can not get my dough off of course
",0.6156285714285714,0.7720821428571428,0.9899642857142857,0.6890372926277377,11
0,12,0,if she changes her mind this is the first place she will go,"if she changes her mind this is the first place we will go
","if she changes her mind this is the first place we will go
",0.6224206896551724,0.8233068965517242,0.9932724137931035,0.715705707992311,12
1,12,1,i never thought that you would be the one to hold my heart,"i never thought that you would be the one to hold my heart
","i never thought that you would be the one to maintain my motherfucker
",0.6224206896551724,0.8233068965517242,0.9932724137931035,0.715705707992311,12
2,12,2,oh her eyes her eyes make the stars look like they are not shinin,"oh her eyes her eyes make the stars look like they are not <unk>
","oh her eyes her eyes make the ice look like they are not <unk>
",0.6224206896551724,0.8233068965517242,0.9932724137931035,0.715705707992311,12
3,12,3,and I am a man of expanding so why should i stand in her way,"and I am a man of biggie so why should ever stand his way
","and I am a man of shawty so why should ever stand in her way
",0.6224206896551724,0.8233068965517242,0.9932724137931035,0.715705707992311,12
4,12,4,and I am a man of expanding so why should i stand in her way,"and I am a man of biggie so why should ever stand his way
","and I am a man of shawty so why should ever stand in her way
",0.6224206896551724,0.8233068965517242,0.9932724137931035,0.715705707992311,12
5,12,5,every inch of your skin is a holy gray I have got to find,"every inch of your skin is a holy nope I have got to find
","every dude of your skin is a bum title is going got to find
",0.6224206896551724,0.8233068965517242,0.9932724137931035,0.715705707992311,12
6,12,6,then I am willing to wait for it wait for it wait for it,"then I am willing to wait for it wait at it wait for it
","then I am skirts to wait for it wait at it um for it
",0.6224206896551724,0.8233068965517242,0.9932724137931035,0.715705707992311,12
7,12,7,baby I am baby I am hurt and i do not want to play anymore,"baby I am baby I am hurt and i do not want to play anymore
","baby I am baby I am hurt and i do not want to boo um
",0.6224206896551724,0.8233068965517242,0.9932724137931035,0.715705707992311,12
8,12,8,and i swear by the moon and the stars in the sky ill be there,"and i swear by the moon and the stars in the sky ill be there
","and i swear by the moon and the ice in the style ill only slap
",0.6224206896551724,0.8233068965517242,0.9932724137931035,0.715705707992311,12
9,12,9,and I am a man of expanding so why should i stand in her way,"and I am a man of biggie so why should ever stand his way
","and I am a man of shawty so why should ever stand in her way
",0.6224206896551724,0.8233068965517242,0.9932724137931035,0.715705707992311,12
10,12,10,but i can not help it that i can not take my eyes off of you,"but i can not help it that i can not take my eyes off of you
","but i can not help it that i can not take your dough out of you
",0.6224206896551724,0.8233068965517242,0.9932724137931035,0.715705707992311,12
0,13,0,if she changes her mind this is the first place she will go,"if she changes her mind this is the first place she will go
","if she changes her mind this is the first place she will go
",0.6119178571428571,0.8491428571428573,0.9923321428571429,0.7207252251449451,13
1,13,1,i never thought that you would be the one to hold my heart,"i never thought that you would be the one to hold my heart
","i never thought that you would be the motherfucker to maintain your motherfucker
",0.6119178571428571,0.8491428571428573,0.9923321428571429,0.7207252251449451,13
2,13,2,oh her eyes her eyes make the stars look like they are not shinin,"oh her eyes her eyes make the stars look like they are not <unk>
","oh her eyes her eyes make the stars look like they are not <unk>
",0.6119178571428571,0.8491428571428573,0.9923321428571429,0.7207252251449451,13
3,13,3,and I am a man of expanding so why should i stand in her way,"and I am a man of nana so why should i stand in her way
","and I am a man of yours so why should i stand in her way
",0.6119178571428571,0.8491428571428573,0.9923321428571429,0.7207252251449451,13
4,13,4,and I am a man of expanding so why should i stand in her way,"and I am a man of nana so why should i stand in her way
","and I am a man of yours so why should i stand in her way
",0.6119178571428571,0.8491428571428573,0.9923321428571429,0.7207252251449451,13
5,13,5,every inch of your skin is a holy gray I have got to find,"every inch of your skin is a pink beating I have got to find
","every mcs of your brothers is a dandy uhh I have got to find
",0.6119178571428571,0.8491428571428573,0.9923321428571429,0.7207252251449451,13
6,13,6,then I am willing to wait for it wait for it wait for it,"then I am willing to wait for it wait for it wait for it
","then I am skirts to wait for it wait for it um for it
",0.6119178571428571,0.8491428571428573,0.9923321428571429,0.7207252251449451,13
7,13,7,baby I am baby I am hurt and i do not want to play anymore,"baby I am baby I am hurt and i do not want to play anymore
","baby I am baby I am hurt and i do not slap to boo mic
",0.6119178571428571,0.8491428571428573,0.9923321428571429,0.7207252251449451,13
8,13,8,and i swear by the moon and the stars in the sky ill be there,"and i swear by the moon and the stars in the sky ill be there
","and i swear by the moon and the short in the style ill be there
",0.6119178571428571,0.8491428571428573,0.9923321428571429,0.7207252251449451,13
9,13,9,and I am a man of expanding so why should i stand in her way,"and I am a man of nana so why should i stand in her way
","and I am a man of yours so why should i stand in her way
",0.6119178571428571,0.8491428571428573,0.9923321428571429,0.7207252251449451,13
10,13,10,but i can not help it that i can not take my eyes off of you,"but i can not help it that i can not take my eyes off of you
","but i can not help it that i can make yourself about dough unaware
",0.6119178571428571,0.8491428571428573,0.9923321428571429,0.7207252251449451,13
0,14,0,if she changes her mind this is the first place she will go,"if she changes her mind this is the first place we will go
","if she changes her mind this is the first place is boogie choke
",0.6016535714285715,0.8661857142857141,0.9931642857142856,0.721767706771998,14
1,14,1,i never thought that you would be the one to hold my heart,"i never thought that you would be the one to hold my heart
","i never thought that you would be the one to maintain niggaz um
",0.6016535714285715,0.8661857142857141,0.9931642857142856,0.721767706771998,14
2,14,2,oh her eyes her eyes make the stars look like they are not shinin,"oh her eyes her eyes make the stars look like they are not <unk>
","um her eyes her eyes make the stars look like they are not <unk>
",0.6016535714285715,0.8661857142857141,0.9931642857142856,0.721767706771998,14
3,14,3,and I am a man of expanding so why should i stand in her way,"and I am a man of slim so why why i stand in his way
","and I am a man of yours so why should i stand in her way
",0.6016535714285715,0.8661857142857141,0.9931642857142856,0.721767706771998,14
4,14,4,and I am a man of expanding so why should i stand in her way,"and I am a man of slim so why why i stand in his way
","and I am a man of yours so why should i stand in her way
",0.6016535714285715,0.8661857142857141,0.9931642857142856,0.721767706771998,14
5,14,5,every inch of your skin is a holy gray I have got to find,"every inch of your skin is a holy beating I have got to find
","every dude of your slick is a bum uhh is going got to find
",0.6016535714285715,0.8661857142857141,0.9931642857142856,0.721767706771998,14
6,14,6,then I am willing to wait for it wait for it wait for it,"then I am willing to wait for it wait for it wait for it
","then I am dogg to wait for it um for it um for it
",0.6016535714285715,0.8661857142857141,0.9931642857142856,0.721767706771998,14
7,14,7,baby I am baby I am hurt and i do not want to play anymore,"baby I am baby I am hurt and i do not want to play anymore
","baby I am baby I am woman and i do not want to choke choke
",0.6016535714285715,0.8661857142857141,0.9931642857142856,0.721767706771998,14
8,14,8,and i swear by the moon and the stars in the sky ill be there,"and i swear by the moon and the stars in the sky ill be there
","and i swear by the chase and the stars in the legend ill be niggaz
",0.6016535714285715,0.8661857142857141,0.9931642857142856,0.721767706771998,14
9,14,9,and I am a man of expanding so why should i stand in her way,"and I am a man of slim so why why i stand in his way
","and I am a man of yours so why should i stand in her way
",0.6016535714285715,0.8661857142857141,0.9931642857142856,0.721767706771998,14
10,14,10,but i can not help it that i can not take my eyes off of you,"but i can not help it that i can not take my eyes off of you
","but i can not help it that i can not hit the playa step of motherfucker
",0.6016535714285715,0.8661857142857141,0.9931642857142856,0.721767706771998,14
0,15,0,if she changes her mind this is the first place she will go,"if she changes her mind this is the first place she will go
","if she changes her mind this is the maintain bum niggaz daughter live
",0.5964620689655172,0.8835068965517242,0.9943000000000001,0.7257641768136113,15
1,15,1,i never thought that you would be the one to hold my heart,"i never thought that you would be the one to hold my heart
","i never thought that you boogie be the one to maintain niggaz
",0.5964620689655172,0.8835068965517242,0.9943000000000001,0.7257641768136113,15
2,15,2,oh her eyes her eyes make the stars look like they are not shinin,"oh her eyes her eyes make the stars look like they are not <unk>
","um her eyes her eyes make the stars look like they are not <unk>
",0.5964620689655172,0.8835068965517242,0.9943000000000001,0.7257641768136113,15
3,15,3,and I am a man of expanding so why should i stand in her way,"and I am a man of thug so why should i stand in her way
","and I am a man of else so why should i stand in love
",0.5964620689655172,0.8835068965517242,0.9943000000000001,0.7257641768136113,15
4,15,4,and I am a man of expanding so why should i stand in her way,"and I am a man of thug so why should i stand in her way
","and I am a man of else so why should i stand in love
",0.5964620689655172,0.8835068965517242,0.9943000000000001,0.7257641768136113,15
5,15,5,every inch of your skin is a holy gray I have got to find,"every inch of your skin is a holy yuh I have got for find
","every mcs of your posse is a bum uhh I have got for find
",0.5964620689655172,0.8835068965517242,0.9943000000000001,0.7257641768136113,15
6,15,6,then I am willing to wait for it wait for it wait for it,"then I am willing to wait for it wait for it wait for it
","then I am dogg to wait for it wait for motherfucker um nuts bum
",0.5964620689655172,0.8835068965517242,0.9943000000000001,0.7257641768136113,15
7,15,7,baby I am baby I am hurt and i do not want to play anymore,"baby I am baby I am hurt and i do not want to play anymore
","baby I am students I am dre and i boogie paid paid to choke bum
",0.5964620689655172,0.8835068965517242,0.9943000000000001,0.7257641768136113,15
8,15,8,and i swear by the moon and the stars in the sky ill be there,"and i swear by the moon and the stars in the sky ill be there
","and i swear by the d and the ice in the legend ill be life
",0.5964620689655172,0.8835068965517242,0.9943000000000001,0.7257641768136113,15
9,15,9,and I am a man of expanding so why should i stand in her way,"and I am a man of thug so why should i stand in her way
","and I am a man of else so why should i stand in love
",0.5964620689655172,0.8835068965517242,0.9943000000000001,0.7257641768136113,15
10,15,10,but i can not help it that i can not take my eyes off of you,"but i can not help it that i can not take my eyes off of you
","but i can not help it that i can not maintain boo boogie boo boo boogie
",0.5964620689655172,0.8835068965517242,0.9943000000000001,0.7257641768136113,15
0,16,0,if she changes her mind this is the first place she will go,"if she changes her mind this is the first place we will go
","if she changes her mind this is the first place we slap paid
",0.5957642857142857,0.8843464285714286,0.9938785714285715,0.72578309237464,16
1,16,1,i never thought that you would be the one to hold my heart,"i never thought that you would be the one to hold my heart
","i never thought that you would be the one to maintain niggaz relax
",0.5957642857142857,0.8843464285714286,0.9938785714285715,0.72578309237464,16
2,16,2,oh her eyes her eyes make the stars look like they are not shinin,"oh her eyes her eyes make the stars look like they are not <unk>
","oh her eyes her eyes make the stars look like they are not <unk>
",0.5957642857142857,0.8843464285714286,0.9938785714285715,0.72578309237464,16
3,16,3,and I am a man of expanding so why should i stand in her way,"and I am a man of jeans so why should i stand in her way
","and I am a man of yours so why should i stand in her way
",0.5957642857142857,0.8843464285714286,0.9938785714285715,0.72578309237464,16
4,16,4,and I am a man of expanding so why should i stand in her way,"and I am a man of jeans so why should i stand in her way
","and I am a man of yours so why should i stand in her way
",0.5957642857142857,0.8843464285714286,0.9938785714285715,0.72578309237464,16
5,16,5,every inch of your skin is a holy gray I have got to find,"every inch of your skin is a holy franchise I have got to find
","every dude of your mcs is a bum pimp I am got to find
",0.5957642857142857,0.8843464285714286,0.9938785714285715,0.72578309237464,16
6,16,6,then I am willing to wait for it wait for it wait for it,"then I am willing to wait for it wait for it wait for it
","then I am skirts to wait for it wait to um um unaware
",0.5957642857142857,0.8843464285714286,0.9938785714285715,0.72578309237464,16
7,16,7,baby I am baby I am hurt and i do not want to play anymore,"baby I am baby I am hurt and i do not want to play anymore
","baby I am baby I am fuck and i do not slap to choke maintain
",0.5957642857142857,0.8843464285714286,0.9938785714285715,0.72578309237464,16
8,16,8,and i swear by the moon and the stars in the sky ill be there,"and i swear by the moon and the stars in the sky ill be there
","and i swear by the d and the stars in the legend ill be niggaz
",0.5957642857142857,0.8843464285714286,0.9938785714285715,0.72578309237464,16
9,16,9,and I am a man of expanding so why should i stand in her way,"and I am a man of jeans so why should i stand in her way
","and I am a man of yours so why should i stand in her way
",0.5957642857142857,0.8843464285714286,0.9938785714285715,0.72578309237464,16
10,16,10,but i can not help it that i can not take my eyes off of you,"but i can not help it that i can not take my eyes off of you
","but i can not help it that i can not take your party off or niggaz
",0.5957642857142857,0.8843464285714286,0.9938785714285715,0.72578309237464,16
0,17,0,if she changes her mind this is the first place she will go,"if she changes her mind this is the first place she will go
","if she changes her mind this is the first place she will go
",0.58695,0.8902892857142858,0.9941249999999998,0.7227978219382782,17
1,17,1,i never thought that you would be the one to hold my heart,"i never thought that you would be the one to hold my heart
","i never thought that you would be the one to rhyme boo niggaz
",0.58695,0.8902892857142858,0.9941249999999998,0.7227978219382782,17
2,17,2,oh her eyes her eyes make the stars look like they are not shinin,"oh her eyes her eyes make the stars look like they are not makeup
","oh her eyes her eyes make the stars look like they are not <unk>
",0.58695,0.8902892857142858,0.9941249999999998,0.7227978219382782,17
3,17,3,and I am a man of expanding so why should i stand in her way,"and I am a man of thugs so why should i stand in her way
","and I am a man of nights so why should i stand in her way
",0.58695,0.8902892857142858,0.9941249999999998,0.7227978219382782,17
4,17,4,and I am a man of expanding so why should i stand in her way,"and I am a man of thugs so why should i stand in her way
","and I am a man of nights so why should i stand in her way
",0.58695,0.8902892857142858,0.9941249999999998,0.7227978219382782,17
5,17,5,every inch of your skin is a holy gray I have got to find,"every inch of your skin is a holy nope I have got to find
","every mcs of your mcs is a bum nut I have got to find
",0.58695,0.8902892857142858,0.9941249999999998,0.7227978219382782,17
6,17,6,then I am willing to wait for it wait for it wait for it,"then I am willing to wait for it wait for it wait for it
","then I am skirts to wait for it wait for it um for it
",0.58695,0.8902892857142858,0.9941249999999998,0.7227978219382782,17
7,17,7,baby I am baby I am hurt and i do not want to play anymore,"baby I am baby I am hurt and i do not want to play anymore
","baby I am baby I am dre and i do not want to boo mic
",0.58695,0.8902892857142858,0.9941249999999998,0.7227978219382782,17
8,17,8,and i swear by the moon and the stars in the sky ill be there,"and i swear by the moon and the stars in the sky ill be there
","and i swear by the d and the short in the d ill be niggaz
",0.58695,0.8902892857142858,0.9941249999999998,0.7227978219382782,17
9,17,9,and I am a man of expanding so why should i stand in her way,"and I am a man of thugs so why should i stand in her way
","and I am a man of nights so why should i stand in her way
",0.58695,0.8902892857142858,0.9941249999999998,0.7227978219382782,17
10,17,10,but i can not help it that i can not take my eyes off of you,"but i can not help it that i can not take my eyes off of you
","but i can not help it that i can not take your dough boo rhyme knowledge
",0.58695,0.8902892857142858,0.9941249999999998,0.7227978219382782,17
0,18,0,if she changes her mind this is the first place she will go,"if she changes her mind this is the first place she will go
","if she changes her mind this is the closet magazines we boogie loot
",0.5733,0.8966827586206897,0.9945689655172412,0.71687694866397,18
1,18,1,i never thought that you would be the one to hold my heart,"i never thought that you would be the one to hold my heart
","i never thought that you would be the one to maintain bum niggaz
",0.5733,0.8966827586206897,0.9945689655172412,0.71687694866397,18
2,18,2,oh her eyes her eyes make the stars look like they are not shinin,"oh her eyes her eyes make the stars look like they are not <unk>
","oh her eyes her eyes make the streets look like they are not <unk>
",0.5733,0.8966827586206897,0.9945689655172412,0.71687694866397,18
3,18,3,and I am a man of expanding so why should i stand in her way,"and I am a man of opp so why should i stand in her way
","and I am a man of hangover so why should i stand in her way
",0.5733,0.8966827586206897,0.9945689655172412,0.71687694866397,18
4,18,4,and I am a man of expanding so why should i stand in her way,"and I am a man of opp so why should i stand in her way
","and I am a man of hangover so why should i stand in her way
",0.5733,0.8966827586206897,0.9945689655172412,0.71687694866397,18
5,18,5,every inch of your skin is a holy gray I have got to find,"every inch of your skin is a holy franchise I have got to find
","every mcs of your posse is a bum cos I have got to find
",0.5733,0.8966827586206897,0.9945689655172412,0.71687694866397,18
6,18,6,then I am willing to wait for it wait for it wait for it,"then I am willing to wait for it wait for it wait for it
","then I am boogie to um for it um for it unaware to nuts
",0.5733,0.8966827586206897,0.9945689655172412,0.71687694866397,18
7,18,7,baby I am baby I am hurt and i do not want to play anymore,"baby I am baby I am hurt and i do not want to play anymore
","baby I am unaware I am murder and i do not choke to boo mic
",0.5733,0.8966827586206897,0.9945689655172412,0.71687694866397,18
8,18,8,and i swear by the moon and the stars in the sky ill be there,"and i swear by the moon and the stars in the sky ill be there
","and i swear by the d and the club in the style boogie be niggaz motherfucker unaware niggaz
",0.5733,0.8966827586206897,0.9945689655172412,0.71687694866397,18
9,18,9,and I am a man of expanding so why should i stand in her way,"and I am a man of opp so why should i stand in her way
","and I am a man of hangover so why should i stand in her way
",0.5733,0.8966827586206897,0.9945689655172412,0.71687694866397,18
10,18,10,but i can not help it that i can not take my eyes off of you,"but i can not help it that i can not take my eyes off of you
","but i can not help it that i can not get boo dough boo all niggaz
",0.5733,0.8966827586206897,0.9945689655172412,0.71687694866397,18
0,19,0,if she changes her mind this is the first place she will go,"if she changes her mind this is the first place she will go
","if she changes her mind this is the boogie wack niggaz moms slap
",0.5589821428571428,0.9004892857142858,0.9943785714285714,0.7094005061622267,19
1,19,1,i never thought that you would be the one to hold my heart,"i never thought that you would be the one to hold my heart
","i never thought that you would be the one boogie maintain niggaz joint
",0.5589821428571428,0.9004892857142858,0.9943785714285714,0.7094005061622267,19
2,19,2,oh her eyes her eyes make the stars look like they are not shinin,"oh her eyes her eyes make the stars look like they are not <unk>
","oh her eyes her boogie make the streets look like they are not <unk>
",0.5589821428571428,0.9004892857142858,0.9943785714285714,0.7094005061622267,19
3,19,3,and I am a man of expanding so why should i stand in her way,"and I am a man of dogg so why should i stand in her way
","and I am a man of grandpa so why should i stand in her way
",0.5589821428571428,0.9004892857142858,0.9943785714285714,0.7094005061622267,19
4,19,4,and I am a man of expanding so why should i stand in her way,"and I am a man of dogg so why should i stand in her way
","and I am a man of grandpa so why should i stand in her way
",0.5589821428571428,0.9004892857142858,0.9943785714285714,0.7094005061622267,19
5,19,5,every inch of your skin is a holy gray I have got to find,"every inch of your skin is a holy yuh I have got to find
","every mcs of your mcs is a bum cos I have got to find
",0.5589821428571428,0.9004892857142858,0.9943785714285714,0.7094005061622267,19
6,19,6,then I am willing to wait for it wait for it wait for it,"then I am willing to wait for it wait for it wait for it
","then I am skirts to wait for it um for dat joint um to mic
",0.5589821428571428,0.9004892857142858,0.9943785714285714,0.7094005061622267,19
7,19,7,baby I am baby I am hurt and i do not want to play anymore,"baby I am baby I am hurt and i do not want to play anymore
","baby I am baby I am murder and i boogie not slap to boo mic
",0.5589821428571428,0.9004892857142858,0.9943785714285714,0.7094005061622267,19
8,19,8,and i swear by the moon and the stars in the sky ill be there,"and i swear by the moon and the stars in the sky ill be there
","and i swear by the tip and the bum in the wack boogie boogie niggaz
",0.5589821428571428,0.9004892857142858,0.9943785714285714,0.7094005061622267,19
9,19,9,and I am a man of expanding so why should i stand in her way,"and I am a man of dogg so why should i stand in her way
","and I am a man of grandpa so why should i stand in her way
",0.5589821428571428,0.9004892857142858,0.9943785714285714,0.7094005061622267,19
10,19,10,but i can not help it that i can not take my eyes off of you,"but i can not help it that i can not take your eyes off of you
","but i can not help it that i can not take myself tip boogie rhyme niggaz
",0.5589821428571428,0.9004892857142858,0.9943785714285714,0.7094005061622267,19
0,20,0,if she changes her mind this is the first place she will go,"if she changes her mind this is the first place she will go
","if she comes her mind this is the pistol magazines she knowledge slap
",0.5515448275862069,0.9056517241379312,0.994155172413793,0.7066475621570367,20
1,20,1,i never thought that you would be the one to hold my heart,"i never thought that you would be the one to hold my heart
","i never thought that you would be the motherfucker to maintain knowledge motherfucker
",0.5515448275862069,0.9056517241379312,0.994155172413793,0.7066475621570367,20
2,20,2,oh her eyes her eyes make the stars look like they are not shinin,"oh her eyes her eyes make the stars look like they are not <unk>
","oh her boogie her eyes make the streets look like they are knowledge <unk>
",0.5515448275862069,0.9056517241379312,0.994155172413793,0.7066475621570367,20
3,20,3,and I am a man of expanding so why should i stand in her way,"and I am a man of jeans so why should i stand in her way
","and I am a man of mine so why should i stand in her way
",0.5515448275862069,0.9056517241379312,0.994155172413793,0.7066475621570367,20
4,20,4,and I am a man of expanding so why should i stand in her way,"and I am a man of jeans so why should i stand in her way
","and I am a man of mine so why should i stand in her way
",0.5515448275862069,0.9056517241379312,0.994155172413793,0.7066475621570367,20
5,20,5,every inch of your skin is a holy gray I have got to find,"every inch of your skin is a holy wednesday I have got for find
","every inch of your posse is a bum mic I am got to find
",0.5515448275862069,0.9056517241379312,0.994155172413793,0.7066475621570367,20
6,20,6,then I am willing to wait for it wait for it wait for it,"then I am willing to wait for it wait for it wait for it
","then I am skirts to push for it um for it kitty joint joint motherfucker joint knowledge motherfucker motherfucker knowledge
",0.5515448275862069,0.9056517241379312,0.994155172413793,0.7066475621570367,20
7,20,7,baby I am baby I am hurt and i do not want to play anymore,"baby I am baby I am hurt and i do not want to play anymore
","baby I am motherfucker I am murder till boogie knowledge daughter niggaz knowledge boo boo mic mic mic mic mic
",0.5515448275862069,0.9056517241379312,0.994155172413793,0.7066475621570367,20
8,20,8,and i swear by the moon and the stars in the sky ill be there,"and i swear by the moon and the stars in the sky ill be there
","and i swear by the d and the club in the legend boogie be niggaz
",0.5515448275862069,0.9056517241379312,0.994155172413793,0.7066475621570367,20
9,20,9,and I am a man of expanding so why should i stand in her way,"and I am a man of jeans so why should i stand in her way
","and I am a man of mine so why should i stand in her way
",0.5515448275862069,0.9056517241379312,0.994155172413793,0.7066475621570367,20
10,20,10,but i can not help it that i can not take my eyes off of you,"but i can not help it that i can not take my eyes off of eyes
","but i can not help it that i can not take my tip at rhyme knowledge knowledge all knowledge
",0.5515448275862069,0.9056517241379312,0.994155172413793,0.7066475621570367,20
